225.000000 -44.134615 -4.221956 -4.227391 0.005435 51.873477 0.000000
225.000000 -42.403846 -4.821546 -4.827303 0.005757 53.369921 0.000000
225.000000 -40.673077 -5.327640 -5.333503 0.005863 54.817668 0.000000
225.000000 -38.942308 -5.782048 -5.787961 0.005913 56.215398 0.000000
225.000000 -37.211538 -6.199530 -6.205471 0.005941 57.561836 0.000000
225.000000 -35.480769 -6.587434 -6.593393 0.005959 58.855752 0.000000
225.000000 -33.750000 -6.950007 -6.955977 0.005970 60.095967 0.000000
225.000000 -32.019231 -7.289918 -7.295896 0.005977 61.281348 0.000000
225.000000 -30.288462 -7.608934 -7.614916 0.005983 62.410814 0.000000
225.000000 -28.557692 -7.908260 -7.914247 0.005986 63.483334 0.000000
225.000000 -26.826923 -8.188737 -8.194726 0.005989 64.497931 0.000000
225.000000 -25.096154 -8.450955 -8.456945 0.005990 65.453677 0.000000
225.000000 -23.365385 -8.695326 -8.701317 0.005991 66.349701 0.000000
225.000000 -21.634615 -8.922137 -8.928129 0.005992 67.185186 0.000000
225.000000 -19.903846 -9.131585 -9.137577 0.005991 67.959369 0.000000
225.000000 -18.173077 -9.323799 -9.329789 0.005991 68.671544 0.000000
225.000000 -16.442308 -9.498858 -9.504848 0.005990 69.321061 0.000000
225.000000 -14.711538 -9.656809 -9.662797 0.005989 69.907327 0.000000
225.000000 -12.980769 -9.797672 -9.803659 0.005987 70.429808 0.000000
225.000000 -11.250000 -9.921452 -9.927437 0.005986 70.888026 0.000000
225.000000 -9.519231 -10.028141 -10.034125 0.005984 71.281564 0.000000
225.000000 -7.788462 -10.117728 -10.123711 0.005983 71.610062 0.000000
225.000000 -6.057692 -10.190198 -10.196179 0.005981 71.873221 0.000000
225.000000 -4.326923 -10.245538 -10.251517 0.005979 72.070800 0.000000
225.000000 -2.596154 -10.283736 -10.289713 0.005977 72.202620 0.000000
225.000000 -0.865385 -10.304785 -10.310761 0.005976 72.268561 0.000000
225.000000 0.865385 -10.308684 -10.314658 0.005974 72.268561 0.000000
225.000000 2.596154 -10.295437 -10.301409 0.005972 72.202620 0.000000
225.000000 4.326923 -10.265054 -10.271024 0.005970 72.070800 0.000000
225.000000 6.057692 -10.217550 -10.223518 0.005969 71.873221 0.000000
225.000000 7.788462 -10.152944 -10.158911 0.005967 71.610062 0.000000
225.000000 9.519231 -10.071259 -10.077224 0.005965 71.281564 0.000000
225.000000 11.250000 -9.972519 -9.978481 0.005962 70.888026 0.000000
225.000000 12.980769 -9.856744 -9.862703 0.005960 70.429808 0.000000
225.000000 14.711538 -9.723950 -9.729907 0.005957 69.907327 0.000000
225.000000 16.442308 -9.574143 -9.580097 0.005953 69.321061 0.000000
225.000000 18.173077 -9.407313 -9.413262 0.005950 68.671544 0.000000
225.000000 19.903846 -9.223424 -9.229369 0.005945 67.959369 0.000000
225.000000 21.634615 -9.022406 -9.028346 0.005940 67.185186 0.000000
225.000000 23.365385 -8.804143 -8.810077 0.005933 66.349701 0.000000
225.000000 25.096154 -8.568452 -8.574378 0.005926 65.453677 0.000000
225.000000 26.826923 -8.315058 -8.320975 0.005917 64.497931 0.000000
225.000000 28.557692 -8.043563 -8.049469 0.005906 63.483334 0.000000
225.000000 30.288462 -7.753394 -7.759287 0.005893 62.410814 0.000000
225.000000 32.019231 -7.443727 -7.449604 0.005877 61.281348 0.000000
225.000000 33.750000 -7.113376 -7.119233 0.005857 60.095967 0.000000
225.000000 35.480769 -6.760597 -6.766428 0.005830 58.855752 0.000000
225.000000 37.211538 -6.382749 -6.388544 0.005795 57.561836 0.000000
225.000000 38.942308 -5.975620 -5.981364 0.005744 56.215398 0.000000
225.000000 40.673077 -5.531912 -5.537574 0.005662 54.817668 0.000000
225.000000 42.403846 -5.036953 -5.042463 0.005510 53.369921 0.000000
225.000000 44.134615 -4.449164 -4.454251 0.005087 51.873477 0.000000
223.767180 45.129718 -3.760269 -3.748155 -0.012114 7.897088 0.000000
221.286088 45.349082 -3.150420 -3.141888 -0.008532 6.329506 0.000000
218.788084 45.514346 -2.525097 -2.518315 -0.006781 4.754602 0.000000
216.277811 45.624880 -1.889045 -1.883464 -0.005582 3.173764 0.000000
213.760101 45.680254 -1.245620 -1.240965 -0.004655 1.588412 0.000000
211.239899 45.680254 -0.597697 -0.593804 -0.003893 0.000000 0.000000
208.722189 45.624880 0.051764 0.055004 -0.003240 1.589983 0.000000
206.211916 45.514346 0.699060 0.701724 -0.002664 3.180016 0.000000
203.713912 45.349082 1.338295 1.340436 -0.002140 4.768545 0.000000
201.232820 45.129718 1.955377 1.957004 -0.001627 6.353990 0.000000
198.760505 45.102383 2.511100 2.508825 0.002275 6.311907 0.000000
196.269600 45.266706 3.131649 3.128839 0.002810 4.741366 0.000000
193.766635 45.376605 3.779417 3.776121 0.003296 3.164914 0.000000
191.256362 45.431662 4.440620 4.436842 0.003778 1.583974 0.000000
188.743638 45.431662 5.109288 5.105021 0.004266 0.000000 0.000000
186.233365 45.376605 5.780924 5.776156 0.004768 1.585518 0.000000
183.730400 45.266706 6.449990 6.444697 0.005292 3.171059 0.000000
181.239495 45.102383 7.104156 7.098287 0.005869 4.755071 0.000000
178.760505 45.102383 7.662491 7.653028 0.009463 6.311907 0.000000
176.269600 45.266706 8.234512 8.224330 0.010182 4.741366 0.000000
173.766635 45.376605 8.831190 8.820257 0.010933 3.164914 0.000000
171.256362 45.431662 9.439264 9.427508 0.011756 1.583974 0.000000
168.743638 45.431662 10.052517 10.039850 0.012667 0.000000 0.000000
166.233365 45.376605 10.666045 10.652357 0.013688 1.585518 0.000000
163.730400 45.266706 11.273794 11.258946 0.014848 3.171059 0.000000
161.239495 45.102383 11.862373 11.846160 0.016214 4.755071 0.000000
158.767180 45.129718 12.263323 12.243178 0.020145 7.897088 0.000000
156.286088 45.349082 12.579112 12.557302 0.021810 6.329506 0.000000
153.788084 45.514346 12.886394 12.862659 0.023735 4.754602 0.000000
151.277811 45.624880 13.160382 13.134333 0.026049 3.173764 0.000000
148.760101 45.680254 13.380397 13.351476 0.028921 1.588412 0.000000
146.239899 45.680254 13.521157 13.488524 0.032633 0.000000 0.000000
143.722189 45.624880 13.544997 13.507272 0.037725 1.589983 0.000000
141.211916 45.514346 13.389496 13.344053 0.045443 3.180016 0.000000
138.713912 45.349082 12.931502 12.871832 0.059670 4.768545 0.000000
136.232820 45.129718 11.798784 11.689225 0.109559 6.353990 0.000000
135.000000 44.558824 16.507819 0.259652 16.248167 51.499426 -50.000000
135.000000 43.676471 21.339768 -3.936036 25.275804 52.274257 -50.000000
135.000000 42.794118 24.998236 -7.020699 32.018935 53.036691 -50.000000
135.000000 41.911765 28.046095 -9.529271 37.575366 53.786548 -50.000000
135.000000 41.029412 30.704244 -11.673783 42.378028 54.523648 -50.000000
135.000000 40.147059 33.084686 -13.561744 46.646429 55.247819 -50.000000
135.000000 39.264706 35.253105 -15.256056 50.509161 55.958887 -50.000000
135.000000 38.382353 37.251817 -16.797131 54.048948 56.656684 -50.000000
135.000000 37.500000 39.109927 -18.212695 57.322622 57.341044 -50.000000
135.000000 36.617647 40.848448 -19.522717 60.371165 58.011806 -50.000000
135.000000 35.735294 42.483123 -20.742134 63.225257 58.668810 -50.000000
135.000000 34.852941 44.026101 -21.882456 65.908557 59.311901 -50.000000
135.000000 33.970588 45.486983 -22.952771 68.439753 59.940926 -50.000000
135.000000 33.088235 46.873497 -23.960388 70.833885 60.555735 -50.000000
135.000000 32.205882 48.191969 -24.911289 73.103258 61.156183 -50.000000
135.000000 31.323529 49.447646 -25.810436 75.258082 61.742128 -50.000000
135.000000 30.441176 50.644934 -26.661998 77.306932 62.313431 -50.000000
135.000000 29.558824 51.787570 -27.469513 79.257083 62.869955 -50.000000
135.000000 28.676471 52.878755 -28.236013 81.114768 63.411570 -50.000000
135.000000 27.794118 53.921247 -28.964116 82.885363 63.938147 -50.000000
135.000000 26.911765 54.917443 -29.656101 84.573543 64.449560 -50.000000
135.000000 26.029412 55.869438 -30.313961 86.183399 64.945688 -50.000000
135.000000 25.147059 56.779072 -30.939453 87.718524 65.426415 -50.000000
135.000000 24.264706 57.647969 -31.534128 89.182098 65.891625 -50.000000
135.000000 23.382353 58.477570 -32.099369 90.576939 66.341209 -50.000000
135.000000 22.500000 59.269156 -32.636404 91.905560 66.775060 -50.000000
135.000000 21.617647 60.023870 -33.146338 93.170208 67.193075 -50.000000
135.000000 20.735294 60.742737 -33.630158 94.372895 67.595155 -50.000000
135.000000 19.852941 61.426675 -34.088756 95.515431 67.981204 -50.000000
135.000000 18.970588 62.076511 -34.522935 96.599446 68.351131 -50.000000
135.000000 18.088235 62.692989 -34.933421 97.626410 68.704849 -50.000000
135.000000 17.205882 63.276782 -35.320871 98.597654 69.042273 -50.000000
135.000000 16.323529 63.828497 -35.685881 99.514378 69.363323 -50.000000
135.000000 15.441176 64.348682 -36.028991 100.377673 69.667923 -50.000000
135.000000 14.558824 64.837832 -36.350689 101.188522 69.956002 -50.000000
135.000000 13.676471 65.296397 -36.651421 101.947818 70.227490 -50.000000
135.000000 12.794118 65.724782 -36.931588 102.656369 70.482323 -50.000000
135.000000 11.911765 66.123351 -37.191554 103.314905 70.720441 -50.000000
135.000000 11.029412 66.492434 -37.431648 103.924083 70.941787 -50.000000
135.000000 10.147059 66.832328 -37.652167 104.484495 71.146309 -50.000000
135.000000 9.264706 67.143297 -37.853377 104.996674 71.333959 -50.000000
135.000000 8.382353 67.425579 -38.035514 105.461093 71.504692 -50.000000
135.000000 7.500000 67.679382 -38.198792 105.878173 71.658466 -50.000000
135.000000 6.617647 67.904891 -38.343395 106.248286 71.795247 -50.000000
135.000000 5.735294 68.102267 -38.469486 106.571753 71.915001 -50.000000
135.000000 4.852941 68.271648 -38.577206 106.848854 72.017700 -50.000000
135.000000 3.970588 68.413152 -38.666671 107.079823 72.103320 -50.000000
135.000000 3.088235 68.526874 -38.737980 107.264854 72.171841 -50.000000
135.000000 2.205882 68.612890 -38.791209 107.404099 72.223245 -50.000000
135.000000 1.323529 68.671257 -38.826415 107.497673 72.257522 -50.000000
135.000000 0.441176 68.702014 -38.843636 107.545650 72.274662 -50.000000
135.000000 -0.441176 68.705178 -38.842890 107.548068 72.274662 -50.000000
135.000000 -1.323529 68.680751 -38.824176 107.504927 72.257522 -50.000000
135.000000 -2.205882 68.628713 -38.787475 107.416188 72.223245 -50.000000
135.000000 -3.088235 68.549029 -38.732746 107.281775 72.171841 -50.000000
135.000000 -3.970588 68.441641 -38.659932 107.101573 72.103320 -50.000000
135.000000 -4.852941 68.306474 -38.568955 106.875429 72.017700 -50.000000
135.000000 -5.735294 68.143433 -38.459715 106.603148 71.915001 -50.000000
135.000000 -6.617647 67.952402 -38.332092 106.284494 71.795247 -50.000000
135.000000 -7.500000 67.733242 -38.185946 105.919188 71.658466 -50.000000
135.000000 -8.382353 67.485794 -38.021111 105.506905 71.504692 -50.000000
135.000000 -9.264706 67.209873 -37.837400 105.047273 71.333959 -50.000000
135.000000 -10.147059 66.905270 -37.634600 104.539870 71.146309 -50.000000
135.000000 -11.029412 66.571750 -37.412470 103.984220 70.941787 -50.000000
135.000000 -11.911765 66.209046 -37.170743 103.379789 70.720441 -50.000000
135.000000 -12.794118 65.816863 -36.909119 102.725983 70.482323 -50.000000
135.000000 -13.676471 65.394873 -36.627269 102.022142 70.227490 -50.000000
135.000000 -14.558824 64.942709 -36.324824 101.267533 69.956002 -50.000000
135.000000 -15.441176 64.459966 -36.001381 100.461347 69.667923 -50.000000
135.000000 -16.323529 63.946196 -35.656492 99.602688 69.363323 -50.000000
135.000000 -17.205882 63.400902 -35.289664 98.690566 69.042273 -50.000000
135.000000 -18.088235 62.823536 -34.900354 97.723890 68.704849 -50.000000
135.000000 -18.970588 62.213488 -34.487964 96.701452 68.351131 -50.000000
135.000000 -19.852941 61.570087 -34.051831 95.621919 67.981204 -50.000000
135.000000 -20.735294 60.892587 -33.591226 94.483813 67.595155 -50.000000
135.000000 -21.617647 60.180158 -33.105340 93.285498 67.193075 -50.000000
135.000000 -22.500000 59.431881 -32.593278 92.025158 66.775060 -50.000000
135.000000 -23.382353 58.646727 -32.054043 90.700771 66.341209 -50.000000
135.000000 -24.264706 57.823552 -31.486529 89.310081 65.891625 -50.000000
135.000000 -25.147059 56.961069 -30.889495 87.850564 65.426415 -50.000000
135.000000 -26.029412 56.057834 -30.261555 86.319389 64.945688 -50.000000
135.000000 -26.911765 55.112218 -29.601146 84.713363 64.449560 -50.000000
135.000000 -27.794118 54.122373 -28.906502 83.028875 63.938147 -50.000000
135.000000 -28.676471 53.086198 -28.175617 81.261815 63.411570 -50.000000
135.000000 -29.558824 52.001287 -27.406199 79.407487 62.869955 -50.000000
135.000000 -30.441176 50.864869 -26.595616 77.460486 62.313431 -50.000000
135.000000 -31.323529 49.673732 -25.740817 75.414550 61.742128 -50.000000
135.000000 -32.205882 48.424122 -24.838244 73.262366 61.156183 -50.000000
135.000000 -33.088235 47.111614 -23.883701 70.995315 60.555735 -50.000000
135.000000 -33.970588 45.730935 -22.872199 68.603134 59.940926 -50.000000
135.000000 -34.852941 44.275732 -21.797719 66.073451 59.311901 -50.000000
135.000000 -35.735294 42.738239 -20.652907 63.391146 58.668810 -50.000000
135.000000 -36.617647 41.108806 -19.428623 60.537429 58.011806 -50.000000
135.000000 -37.500000 39.375224 -18.113284 57.488508 57.341044 -50.000000
135.000000 -38.382353 37.521667 -16.691865 54.213532 56.656684 -50.000000
135.000000 -39.264706 35.527012 -15.144273 50.671285 55.958887 -50.000000
135.000000 -40.147059 33.361998 -13.442613 46.804611 55.247819 -50.000000
135.000000 -41.029412 30.984078 -11.546223 42.530301 54.523648 -50.000000
135.000000 -41.911765 28.327200 -9.391812 37.719012 53.786548 -50.000000
135.000000 -42.794118 25.278731 -6.871201 32.149932 53.036691 -50.000000
135.000000 -43.676471 21.616504 -3.771025 25.387529 52.274257 -50.000000
135.000000 -44.558824 16.774380 0.447109 16.327271 51.499426 -50.000000
136.232820 -45.129718 12.055383 11.944194 0.111188 7.897088 0.000000
138.713912 -45.349082 13.206238 13.146033 0.060205 6.329506 0.000000
141.211916 -45.514346 13.677162 13.631500 0.045661 4.754602 0.000000
143.722189 -45.624880 13.842850 13.805081 0.037769 3.173764 0.000000
146.239899 -45.680254 13.827355 13.794791 0.032564 1.588412 0.000000
148.760101 -45.680254 13.693540 13.664765 0.028776 0.000000 0.000000
151.277811 -45.624880 13.479329 13.453481 0.025848 1.589983 0.000000
153.788084 -45.514346 13.210135 13.186643 0.023492 3.180016 0.000000
156.286088 -45.349082 12.906748 12.885211 0.021537 4.768545 0.000000
158.767180 -45.129718 12.594043 12.574194 0.019849 6.353990 0.000000
161.239495 -45.102383 12.196127 12.180360 0.015767 6.311907 0.000000
163.730400 -45.266706 11.610674 11.596278 0.014396 4.741366 0.000000
166.233365 -45.376605 11.005418 10.992185 0.013233 3.164914 0.000000
168.743638 -45.431662 10.393767 10.381557 0.012210 1.583974 0.000000
171.256362 -45.431662 9.781775 9.770478 0.011297 0.000000 0.000000
173.766635 -45.376605 9.174355 9.163879 0.010476 1.585518 0.000000
176.269600 -45.266706 8.577731 8.568004 0.009726 3.171059 0.000000
178.760505 -45.102383 8.005172 7.996160 0.009012 4.755071 0.000000
181.239495 -45.102383 7.446394 7.441033 0.005361 6.311907 0.000000
183.730400 -45.266706 6.791943 6.787157 0.004785 4.741366 0.000000
186.233365 -45.376605 6.121998 6.117735 0.004263 3.164914 0.000000
188.743638 -45.431662 5.448872 5.445108 0.003764 1.583974 0.000000
191.256362 -45.431662 4.778085 4.774806 0.003280 0.000000 0.000000
193.766635 -45.376605 4.114117 4.111314 0.002803 1.585518 0.000000
196.269600 -45.266706 3.462923 3.460601 0.002323 3.171059 0.000000
198.760505 -45.102383 2.838255 2.836460 0.001795 4.755071 0.000000
201.232820 -45.129718 2.278471 2.280594 -0.002123 7.897088 0.000000
203.713912 -45.349082 1.657457 1.660094 -0.002637 6.329506 0.000000
206.211916 -45.514346 1.013472 1.016631 -0.003159 4.754602 0.000000
208.722189 -45.624880 0.360525 0.364257 -0.003732 3.173764 0.000000
211.239899 -45.680254 -0.295596 -0.291215 -0.004380 1.588412 0.000000
213.760101 -45.680254 -0.951319 -0.946183 -0.005136 0.000000 0.000000
216.277811 -45.624880 -1.603866 -1.597812 -0.006054 1.589983 0.000000
218.788084 -45.514346 -2.250646 -2.243402 -0.007244 3.180016 0.000000
221.286088 -45.349082 -2.888834 -2.879853 -0.008981 4.768545 0.000000
223.767180 -45.129718 -3.515088 -3.502543 -0.012546 6.353990 0.000000
135.000000 44.558824 16.507819 0.259652 16.248167 51.499426 -50.000000
135.000000 43.676471 21.339768 -3.936036 25.275804 52.274257 -50.000000
135.000000 42.794118 24.998236 -7.020699 32.018935 53.036691 -50.000000
135.000000 41.911765 28.046095 -9.529271 37.575366 53.786548 -50.000000
135.000000 41.029412 30.704244 -11.673783 42.378028 54.523648 -50.000000
135.000000 40.147059 33.084686 -13.561744 46.646429 55.247819 -50.000000
135.000000 39.264706 35.253105 -15.256056 50.509161 55.958887 -50.000000
135.000000 38.382353 37.251817 -16.797131 54.048948 56.656684 -50.000000
135.000000 37.500000 39.109927 -18.212695 57.322622 57.341044 -50.000000
135.000000 36.617647 40.848448 -19.522717 60.371165 58.011806 -50.000000
135.000000 35.735294 42.483123 -20.742134 63.225257 58.668810 -50.000000
135.000000 34.852941 44.026101 -21.882456 65.908557 59.311901 -50.000000
135.000000 33.970588 45.486983 -22.952771 68.439753 59.940926 -50.000000
135.000000 33.088235 46.873497 -23.960388 70.833885 60.555735 -50.000000
135.000000 32.205882 48.191969 -24.911289 73.103258 61.156183 -50.000000
135.000000 31.323529 49.447646 -25.810436 75.258082 61.742128 -50.000000
135.000000 30.441176 50.644934 -26.661998 77.306932 62.313431 -50.000000
135.000000 29.558824 51.787570 -27.469513 79.257083 62.869955 -50.000000
135.000000 28.676471 52.878755 -28.236013 81.114768 63.411570 -50.000000
135.000000 27.794118 53.921247 -28.964116 82.885363 63.938147 -50.000000
135.000000 26.911765 54.917443 -29.656101 84.573543 64.449560 -50.000000
135.000000 26.029412 55.869438 -30.313961 86.183399 64.945688 -50.000000
135.000000 25.147059 56.779072 -30.939453 87.718524 65.426415 -50.000000
135.000000 24.264706 57.647969 -31.534128 89.182098 65.891625 -50.000000
135.000000 23.382353 58.477570 -32.099369 90.576939 66.341209 -50.000000
135.000000 22.500000 59.269156 -32.636404 91.905560 66.775060 -50.000000
135.000000 21.617647 60.023870 -33.146338 93.170208 67.193075 -50.000000
135.000000 20.735294 60.742737 -33.630158 94.372895 67.595155 -50.000000
135.000000 19.852941 61.426675 -34.088756 95.515431 67.981204 -50.000000
135.000000 18.970588 62.076511 -34.522935 96.599446 68.351131 -50.000000
135.000000 18.088235 62.692989 -34.933421 97.626410 68.704849 -50.000000
135.000000 17.205882 63.276782 -35.320871 98.597654 69.042273 -50.000000
135.000000 16.323529 63.828497 -35.685881 99.514378 69.363323 -50.000000
135.000000 15.441176 64.348682 -36.028991 100.377673 69.667923 -50.000000
135.000000 14.558824 64.837832 -36.350689 101.188522 69.956002 -50.000000
135.000000 13.676471 65.296397 -36.651421 101.947818 70.227490 -50.000000
135.000000 12.794118 65.724782 -36.931588 102.656369 70.482323 -50.000000
135.000000 11.911765 66.123351 -37.191554 103.314905 70.720441 -50.000000
135.000000 11.029412 66.492434 -37.431648 103.924083 70.941787 -50.000000
135.000000 10.147059 66.832328 -37.652167 104.484495 71.146309 -50.000000
135.000000 9.264706 67.143297 -37.853377 104.996674 71.333959 -50.000000
135.000000 8.382353 67.425579 -38.035514 105.461093 71.504692 -50.000000
135.000000 7.500000 67.679382 -38.198792 105.878173 71.658466 -50.000000
135.000000 6.617647 67.904891 -38.343395 106.248286 71.795247 -50.000000
135.000000 5.735294 68.102267 -38.469486 106.571753 71.915001 -50.000000
135.000000 4.852941 68.271648 -38.577206 106.848854 72.017700 -50.000000
135.000000 3.970588 68.413152 -38.666671 107.079823 72.103320 -50.000000
135.000000 3.088235 68.526874 -38.737980 107.264854 72.171841 -50.000000
135.000000 2.205882 68.612890 -38.791209 107.404099 72.223245 -50.000000
135.000000 1.323529 68.671257 -38.826415 107.497673 72.257522 -50.000000
135.000000 0.441176 68.702014 -38.843636 107.545650 72.274662 -50.000000
135.000000 -0.441176 68.705178 -38.842890 107.548068 72.274662 -50.000000
135.000000 -1.323529 68.680751 -38.824176 107.504927 72.257522 -50.000000
135.000000 -2.205882 68.628713 -38.787475 107.416188 72.223245 -50.000000
135.000000 -3.088235 68.549029 -38.732746 107.281775 72.171841 -50.000000
135.000000 -3.970588 68.441641 -38.659932 107.101573 72.103320 -50.000000
135.000000 -4.852941 68.306474 -38.568955 106.875429 72.017700 -50.000000
135.000000 -5.735294 68.143433 -38.459715 106.603148 71.915001 -50.000000
135.000000 -6.617647 67.952402 -38.332092 106.284494 71.795247 -50.000000
135.000000 -7.500000 67.733242 -38.185946 105.919188 71.658466 -50.000000
135.000000 -8.382353 67.485794 -38.021111 105.506905 71.504692 -50.000000
135.000000 -9.264706 67.209873 -37.837400 105.047273 71.333959 -50.000000
135.000000 -10.147059 66.905270 -37.634600 104.539870 71.146309 -50.000000
135.000000 -11.029412 66.571750 -37.412470 103.984220 70.941787 -50.000000
135.000000 -11.911765 66.209046 -37.170743 103.379789 70.720441 -50.000000
135.000000 -12.794118 65.816863 -36.909119 102.725983 70.482323 -50.000000
135.000000 -13.676471 65.394873 -36.627269 102.022142 70.227490 -50.000000
135.000000 -14.558824 64.942709 -36.324824 101.267533 69.956002 -50.000000
135.000000 -15.441176 64.459966 -36.001381 100.461347 69.667923 -50.000000
135.000000 -16.323529 63.946196 -35.656492 99.602688 69.363323 -50.000000
135.000000 -17.205882 63.400902 -35.289664 98.690566 69.042273 -50.000000
135.000000 -18.088235 62.823536 -34.900354 97.723890 68.704849 -50.000000
135.000000 -18.970588 62.213488 -34.487964 96.701452 68.351131 -50.000000
135.000000 -19.852941 61.570087 -34.051831 95.621919 67.981204 -50.000000
135.000000 -20.735294 60.892587 -33.591226 94.483813 67.595155 -50.000000
135.000000 -21.617647 60.180158 -33.105340 93.285498 67.193075 -50.000000
135.000000 -22.500000 59.431881 -32.593278 92.025158 66.775060 -50.000000
135.000000 -23.382353 58.646727 -32.054043 90.700771 66.341209 -50.000000
135.000000 -24.264706 57.823552 -31.486529 89.310081 65.891625 -50.000000
135.000000 -25.147059 56.961069 -30.889495 87.850564 65.426415 -50.000000
135.000000 -26.029412 56.057834 -30.261555 86.319389 64.945688 -50.000000
135.000000 -26.911765 55.112218 -29.601146 84.713363 64.449560 -50.000000
135.000000 -27.794118 54.122373 -28.906502 83.028875 63.938147 -50.000000
135.000000 -28.676471 53.086198 -28.175617 81.261815 63.411570 -50.000000
135.000000 -29.558824 52.001287 -27.406199 79.407487 62.869955 -50.000000
135.000000 -30.441176 50.864869 -26.595616 77.460486 62.313431 -50.000000
135.000000 -31.323529 49.673732 -25.740817 75.414550 61.742128 -50.000000
135.000000 -32.205882 48.424122 -24.838244 73.262366 61.156183 -50.000000
135.000000 -33.088235 47.111614 -23.883701 70.995315 60.555735 -50.000000
135.000000 -33.970588 45.730935 -22.872199 68.603134 59.940926 -50.000000
135.000000 -34.852941 44.275732 -21.797719 66.073451 59.311901 -50.000000
135.000000 -35.735294 42.738239 -20.652907 63.391146 58.668810 -50.000000
135.000000 -36.617647 41.108806 -19.428623 60.537429 58.011806 -50.000000
135.000000 -37.500000 39.375224 -18.113284 57.488508 57.341044 -50.000000
135.000000 -38.382353 37.521667 -16.691865 54.213532 56.656684 -50.000000
135.000000 -39.264706 35.527012 -15.144273 50.671285 55.958887 -50.000000
135.000000 -40.147059 33.361998 -13.442613 46.804611 55.247819 -50.000000
135.000000 -41.029412 30.984078 -11.546223 42.530301 54.523648 -50.000000
135.000000 -41.911765 28.327200 -9.391812 37.719012 53.786548 -50.000000
135.000000 -42.794118 25.278731 -6.871201 32.149932 53.036691 -50.000000
135.000000 -43.676471 21.616504 -3.771025 25.387529 52.274257 -50.000000
135.000000 -44.558824 16.774380 0.447109 16.327271 51.499426 -50.000000
