-2.387140
-2.448590
-2.513628
-2.577154
-2.638580
-2.697709
-2.754435
-2.808682
-2.860388
-2.909498
-2.955964
-2.999740
-3.040784
-3.079058
-3.114526
-3.147154
-3.176913
-3.203775
-3.227714
-3.248710
-3.266742
-3.281794
-3.293853
-3.302906
-3.308946
-3.311968
-3.311968
-3.308946
-3.302905
-3.293852
-3.281793
-3.266740
-3.248708
-3.227712
-3.203772
-3.176910
-3.147151
-3.114522
-3.079054
-3.040779
-2.999734
-2.955958
-2.909492
-2.860381
-2.808675
-2.754427
-2.697700
-2.638569
-2.577141
-2.513612
-2.448568
-2.387084
-0.362683
-0.290639
-0.218342
-0.145807
-0.073076
-0.000201
0.072772
0.145819
0.219028
0.293785
-0.292336
-0.218289
-0.145639
-0.073004
-0.000279
0.072545
0.145556
0.219981
-0.291944
-0.218064
-0.145408
-0.072743
0.000016
0.072879
0.145939
0.220565
-0.363024
-0.288570
-0.215292
-0.141708
-0.067556
0.009741
0.085845
0.161009
0.239116
1.428857
2.071582
2.095468
2.124921
2.154544
2.183843
2.212702
2.241078
2.268947
2.296295
2.323110
2.349382
2.375103
2.400265
2.424862
2.448887
2.472333
2.495196
2.517468
2.539144
2.560220
2.580689
2.600547
2.619789
2.638411
2.656407
2.673774
2.690508
2.706603
2.722058
2.736867
2.751027
2.764535
2.777388
2.789582
2.801115
2.811983
2.822186
2.831718
2.840580
2.848768
2.856281
2.863116
2.869272
2.874748
2.879543
2.883654
2.887082
2.889825
2.891883
2.893255
2.893942
2.893942
2.893255
2.891883
2.889825
2.887082
2.883654
2.879542
2.874747
2.869271
2.863115
2.856279
2.848767
2.840579
2.831717
2.822184
2.811982
2.801113
2.789580
2.777385
2.764533
2.751024
2.736864
2.722055
2.706601
2.690505
2.673771
2.656404
2.638407
2.619786
2.600543
2.580685
2.560215
2.539140
2.517463
2.495191
2.472328
2.448881
2.424856
2.400259
2.375096
2.349375
2.323103
2.296288
2.268939
2.241069
2.212692
2.183832
2.154531
2.124905
2.095445
2.071515
1.496307
0.310359
0.233089
0.158185
0.082112
0.004702
-0.069544
-0.143468
-0.217313
-0.292549
0.291670
0.217701
0.145085
0.072454
-0.000287
-0.073146
-0.146207
-0.220699
0.291240
0.217445
0.144858
0.072248
-0.000472
-0.073315
-0.146379
-0.221050
0.364450
0.290519
0.217934
0.145305
0.072540
-0.000343
-0.073299
-0.146277
-0.219249
-0.292351
-120.383012
-187.318481
-237.289760
-278.460960
-314.045000
-345.669713
-374.288367
-400.514115
-424.768131
-447.354112
-468.499386
-488.379273
-507.132235
-524.869709
-541.682868
-557.647360
-572.826714
-587.274839
-601.037899
-614.155741
-626.662998
-638.589966
-649.963282
-660.806489
-671.140480
-680.983869
-690.353294
-699.263671
-707.728408
-715.759579
-723.368082
-730.563763
-737.355529
-743.751444
-749.758809
-755.384235
-760.633702
-765.512617
-770.025855
-774.177805
-777.972403
-781.413162
-784.503200
-787.245265
-789.641752
-791.694720
-793.405911
-794.776755
-795.808387
-796.501649
-796.857099
-796.875014
-796.555390
-795.897945
-794.902113
-793.567045
-791.891601
-789.874340
-787.513515
-784.807056
-781.752559
-778.347266
-774.588048
-770.471379
-765.993309
-761.149434
-755.934862
-750.344167
-744.371347
-738.009769
-731.252104
-724.090259
-716.515294
-708.517323
-700.085407
-691.207424
-681.869910
-672.057888
-661.754649
-650.941497
-639.597448
-627.698852
-615.218947
-602.127297
-588.389100
-573.964314
-558.806546
-542.861612
-526.065656
-508.342633
-489.600883
-469.728367
-448.585865
-425.997085
-401.733420
-375.489446
-346.841570
-315.173077
-279.525103
-238.260157
-188.146012
-120.968494
