225.000000 -44.134615 -8.422358 -8.422538 0.000180 35.912407 0.000000
225.000000 -42.403846 -8.966443 -8.966798 0.000355 36.948407 0.000000
225.000000 -40.673077 -9.439800 -9.440185 0.000385 37.950693 0.000000
225.000000 -38.942308 -9.871456 -9.871837 0.000381 38.918353 0.000000
225.000000 -37.211538 -10.271713 -10.272078 0.000365 39.850502 0.000000
225.000000 -35.480769 -10.645741 -10.646085 0.000344 40.746290 0.000000
225.000000 -33.750000 -10.996564 -10.996887 0.000323 41.604900 0.000000
225.000000 -32.019231 -11.326114 -11.326415 0.000301 42.425548 0.000000
225.000000 -30.288462 -11.635695 -11.635976 0.000281 43.207486 0.000000
225.000000 -28.557692 -11.926225 -11.926487 0.000262 43.950001 0.000000
225.000000 -26.826923 -12.198363 -12.198608 0.000245 44.652413 0.000000
225.000000 -25.096154 -12.452595 -12.452823 0.000228 45.314084 0.000000
225.000000 -23.365385 -12.689278 -12.689491 0.000213 45.934409 0.000000
225.000000 -21.634615 -12.908681 -12.908880 0.000200 46.512821 0.000000
225.000000 -19.903846 -13.111005 -13.111192 0.000187 47.048794 0.000000
225.000000 -18.173077 -13.296400 -13.296576 0.000176 47.541838 0.000000
225.000000 -16.442308 -13.464979 -13.465145 0.000166 47.991504 0.000000
225.000000 -14.711538 -13.616825 -13.616982 0.000157 48.397380 0.000000
225.000000 -12.980769 -13.752000 -13.752149 0.000149 48.759098 0.000000
225.000000 -11.250000 -13.870550 -13.870692 0.000142 49.076326 0.000000
225.000000 -9.519231 -13.972506 -13.972642 0.000136 49.348775 0.000000
225.000000 -7.788462 -14.057893 -14.058024 0.000130 49.576197 0.000000
225.000000 -6.057692 -14.126727 -14.126853 0.000126 49.758384 0.000000
225.000000 -4.326923 -14.179020 -14.179143 0.000122 49.895170 0.000000
225.000000 -2.596154 -14.214781 -14.214901 0.000120 49.986430 0.000000
225.000000 -0.865385 -14.234016 -14.234134 0.000118 50.032080 0.000000
225.000000 0.865385 -14.236728 -14.236845 0.000116 50.032080 0.000000
225.000000 2.596154 -14.222922 -14.223038 0.000116 49.986430 0.000000
225.000000 4.326923 -14.192598 -14.192714 0.000116 49.895170 0.000000
225.000000 6.057692 -14.145756 -14.145873 0.000117 49.758384 0.000000
225.000000 7.788462 -14.082393 -14.082512 0.000119 49.576197 0.000000
225.000000 9.519231 -14.002503 -14.002625 0.000122 49.348775 0.000000
225.000000 11.250000 -13.906076 -13.906202 0.000126 49.076326 0.000000
225.000000 12.980769 -13.793095 -13.793225 0.000130 48.759098 0.000000
225.000000 14.711538 -13.663533 -13.663668 0.000135 48.397380 0.000000
225.000000 16.442308 -13.517351 -13.517492 0.000141 47.991504 0.000000
225.000000 18.173077 -13.354496 -13.354643 0.000148 47.541838 0.000000
225.000000 19.903846 -13.174890 -13.175045 0.000155 47.048794 0.000000
225.000000 21.634615 -12.978429 -12.978592 0.000164 46.512821 0.000000
225.000000 23.365385 -12.764971 -12.765144 0.000173 45.934409 0.000000
225.000000 25.096154 -12.534323 -12.534506 0.000183 45.314084 0.000000
225.000000 26.826923 -12.286227 -12.286421 0.000194 44.652413 0.000000
225.000000 28.557692 -12.020333 -12.020539 0.000206 43.950001 0.000000
225.000000 30.288462 -11.736169 -11.736387 0.000219 43.207486 0.000000
225.000000 32.019231 -11.433086 -11.433317 0.000231 42.425548 0.000000
225.000000 33.750000 -11.110181 -11.110425 0.000244 41.604900 0.000000
225.000000 35.480769 -10.766164 -10.766419 0.000255 40.746290 0.000000
225.000000 37.211538 -10.399124 -10.399387 0.000263 39.850502 0.000000
225.000000 38.942308 -10.006060 -10.006323 0.000263 38.918353 0.000000
225.000000 40.673077 -9.581836 -9.582082 0.000246 37.950693 0.000000
225.000000 42.403846 -9.116213 -9.116397 0.000183 36.948407 0.000000
225.000000 44.134615 -8.580322 -8.580261 -0.000062 35.912407 0.000000
223.767180 45.129718 -8.115949 -8.104195 -0.011754 5.467215 0.000000
221.286088 45.349082 -7.856797 -7.847427 -0.009370 4.381966 0.000000
218.788084 45.514346 -7.592815 -7.584557 -0.008259 3.291647 0.000000
216.277811 45.624880 -7.327726 -7.320192 -0.007534 2.197221 0.000000
213.760101 45.680254 -7.064332 -7.057329 -0.007004 1.099670 0.000000
211.239899 45.680254 -6.805159 -6.798567 -0.006592 0.000000 0.000000
208.722189 45.624880 -6.552842 -6.546580 -0.006262 1.100757 0.000000
206.211916 45.514346 -6.310593 -6.304602 -0.005990 2.201549 0.000000
203.713912 45.349082 -6.083209 -6.077448 -0.005761 3.301300 0.000000
201.232820 45.129718 -5.881248 -5.875704 -0.005544 4.398916 0.000000
198.760505 45.102383 -5.697718 -5.693562 -0.004155 4.369782 0.000000
196.269600 45.266706 -5.440716 -5.436669 -0.004047 3.282484 0.000000
193.766635 45.376605 -5.171702 -5.167709 -0.003992 2.191094 0.000000
191.256362 45.431662 -4.900927 -4.896963 -0.003964 1.096597 0.000000
188.743638 45.431662 -4.633338 -4.629383 -0.003955 0.000000 0.000000
186.233365 45.376605 -4.372995 -4.369029 -0.003965 1.097666 0.000000
183.730400 45.266706 -4.124839 -4.120849 -0.003991 2.195349 0.000000
181.239495 45.102383 -3.898723 -3.894710 -0.004013 3.291973 0.000000
178.760505 45.102383 -3.696950 -3.694035 -0.002915 4.369782 0.000000
176.269600 45.266706 -3.434174 -3.431164 -0.003010 3.282484 0.000000
173.766635 45.376605 -3.156104 -3.152955 -0.003149 2.191094 0.000000
171.256362 45.431662 -2.872209 -2.868891 -0.003318 1.096597 0.000000
168.743638 45.431662 -2.587192 -2.583673 -0.003519 0.000000 0.000000
166.233365 45.376605 -2.305039 -2.301284 -0.003755 1.097666 0.000000
163.730400 45.266706 -2.030821 -2.026791 -0.004030 2.195349 0.000000
161.239495 45.102383 -1.775169 -1.770842 -0.004327 3.291973 0.000000
158.767180 45.129718 -1.537011 -1.533884 -0.003127 5.467215 0.000000
156.286088 45.349082 -1.212908 -1.209408 -0.003499 4.381966 0.000000
153.788084 45.514346 -0.851678 -0.847691 -0.003987 3.291647 0.000000
151.277811 45.624880 -0.459104 -0.454498 -0.004606 2.197221 0.000000
148.760101 45.680254 -0.033337 -0.027924 -0.005413 1.099670 0.000000
146.239899 45.680254 0.432183 0.438695 -0.006512 0.000000 0.000000
143.722189 45.624880 0.950698 0.958809 -0.008111 1.100757 0.000000
141.211916 45.514346 1.547207 1.557910 -0.010703 2.201549 0.000000
138.713912 45.349082 2.274911 2.290793 -0.015882 3.301300 0.000000
136.232820 45.129718 3.304168 3.340538 -0.036370 4.398916 0.000000
135.000000 44.558824 1.538832 9.325232 -7.786400 35.653449 50.000000
135.000000 43.676471 -0.346942 11.749019 -12.095960 36.189870 50.000000
135.000000 42.794118 -1.707413 13.573518 -15.280930 36.717709 50.000000
135.000000 41.911765 -2.791953 15.081010 -17.872963 37.236841 50.000000
135.000000 41.029412 -3.700259 16.383903 -20.084162 37.747141 50.000000
135.000000 40.147059 -4.483379 17.539881 -22.023260 38.248490 50.000000
135.000000 39.264706 -5.171525 18.583133 -23.754658 38.740768 50.000000
135.000000 38.382353 -5.784337 19.535900 -25.320237 39.223858 50.000000
135.000000 37.500000 -6.335454 20.413631 -26.749084 39.697646 50.000000
135.000000 36.617647 -6.834822 21.227583 -28.062405 40.162020 50.000000
135.000000 35.735294 -7.289973 21.986271 -29.276243 40.616869 50.000000
135.000000 34.852941 -7.706779 22.696329 -30.403109 41.062085 50.000000
135.000000 33.970588 -8.089937 23.363050 -31.452987 41.497564 50.000000
135.000000 33.088235 -8.443268 23.990735 -32.434003 41.923201 50.000000
135.000000 32.205882 -8.769939 24.582937 -33.352876 42.338896 50.000000
135.000000 31.323529 -9.072609 25.142636 -34.215245 42.744550 50.000000
135.000000 30.441176 -9.353539 25.672355 -35.025894 43.140068 50.000000
135.000000 29.558824 -9.614672 26.174258 -35.788930 43.525354 50.000000
135.000000 28.676471 -9.857693 26.650215 -36.507908 43.900318 50.000000
135.000000 27.794118 -10.084076 27.101854 -37.185931 44.264871 50.000000
135.000000 26.911765 -10.295119 27.530607 -37.825726 44.618926 50.000000
135.000000 26.029412 -10.491971 27.937733 -38.429704 44.962400 50.000000
135.000000 25.147059 -10.675656 28.324355 -39.000011 45.295210 50.000000
135.000000 24.264706 -10.847093 28.691469 -39.538562 45.617279 50.000000
135.000000 23.382353 -11.007106 29.039971 -40.047077 45.928530 50.000000
135.000000 22.500000 -11.156439 29.370665 -40.527104 46.228888 50.000000
135.000000 21.617647 -11.295768 29.684275 -40.980043 46.518283 50.000000
135.000000 20.735294 -11.425703 29.981457 -41.407161 46.796646 50.000000
135.000000 19.852941 -11.546804 30.262806 -41.809610 47.063911 50.000000
135.000000 18.970588 -11.659577 30.528861 -42.188438 47.320014 50.000000
135.000000 18.088235 -11.764489 30.780112 -42.544601 47.564895 50.000000
135.000000 17.205882 -11.861962 31.017008 -42.878970 47.798496 50.000000
135.000000 16.323529 -11.952387 31.239956 -43.192343 48.020762 50.000000
135.000000 15.441176 -12.036119 31.449327 -43.485446 48.231639 50.000000
135.000000 14.558824 -12.113484 31.645461 -43.758945 48.431078 50.000000
135.000000 13.676471 -12.184780 31.828667 -44.013447 48.619031 50.000000
135.000000 12.794118 -12.250280 31.999226 -44.249506 48.795454 50.000000
135.000000 11.911765 -12.310232 32.157396 -44.467628 48.960305 50.000000
135.000000 11.029412 -12.364863 32.303407 -44.668270 49.113545 50.000000
135.000000 10.147059 -12.414378 32.437471 -44.851849 49.255137 50.000000
135.000000 9.264706 -12.458963 32.559778 -45.018741 49.385049 50.000000
135.000000 8.382353 -12.498785 32.670497 -45.169282 49.503248 50.000000
135.000000 7.500000 -12.533993 32.769782 -45.303775 49.609707 50.000000
135.000000 6.617647 -12.564721 32.857765 -45.422485 49.704402 50.000000
135.000000 5.735294 -12.591083 32.934565 -45.525647 49.787309 50.000000
135.000000 4.852941 -12.613180 33.000284 -45.613463 49.858408 50.000000
135.000000 3.970588 -12.631097 33.055007 -45.686104 49.917683 50.000000
135.000000 3.088235 -12.644905 33.098806 -45.743711 49.965120 50.000000
135.000000 2.205882 -12.654659 33.131738 -45.786397 50.000708 50.000000
135.000000 1.323529 -12.660401 33.153845 -45.814246 50.024438 50.000000
135.000000 0.441176 -12.662158 33.165155 -45.827314 50.036304 50.000000
135.000000 -0.441176 -12.659944 33.165683 -45.825628 50.036304 50.000000
135.000000 -1.323529 -12.653759 33.155429 -45.809189 50.024438 50.000000
135.000000 -2.205882 -12.643589 33.134381 -45.777969 50.000708 50.000000
135.000000 -3.088235 -12.629405 33.102509 -45.731914 49.965120 50.000000
135.000000 -3.970588 -12.611165 33.059775 -45.670940 49.917683 50.000000
135.000000 -4.852941 -12.588814 33.006121 -45.594935 49.858408 50.000000
135.000000 -5.735294 -12.562281 32.941478 -45.503759 49.787309 50.000000
135.000000 -6.617647 -12.531479 32.865761 -45.397241 49.704402 50.000000
135.000000 -7.500000 -12.496309 32.778869 -45.275179 49.609707 50.000000
135.000000 -8.382353 -12.456654 32.680687 -45.137341 49.503248 50.000000
135.000000 -9.264706 -12.412381 32.571080 -44.983461 49.385049 50.000000
135.000000 -10.147059 -12.363340 32.449898 -44.813239 49.255137 50.000000
135.000000 -11.029412 -12.309365 32.316973 -44.626338 49.113545 50.000000
135.000000 -11.911765 -12.250268 32.172117 -44.422385 48.960305 50.000000
135.000000 -12.794118 -12.185845 32.015119 -44.200964 48.795454 50.000000
135.000000 -13.676471 -12.115869 31.845750 -43.961619 48.619031 50.000000
135.000000 -14.558824 -12.040091 31.663755 -43.703845 48.431078 50.000000
135.000000 -15.441176 -11.958238 31.468854 -43.427093 48.231639 50.000000
135.000000 -16.323529 -11.870014 31.260741 -43.130755 48.020762 50.000000
135.000000 -17.205882 -11.775091 31.039078 -42.814169 47.798496 50.000000
135.000000 -18.088235 -11.673115 30.803496 -42.476611 47.564895 50.000000
135.000000 -18.970588 -11.563697 30.553590 -42.117287 47.320014 50.000000
135.000000 -19.852941 -11.446414 30.288915 -41.735329 47.063911 50.000000
135.000000 -20.735294 -11.320800 30.008985 -41.329785 46.796646 50.000000
135.000000 -21.617647 -11.186351 29.713261 -40.899612 46.518283 50.000000
135.000000 -22.500000 -11.042508 29.401154 -40.443662 46.228888 50.000000
135.000000 -23.382353 -10.888662 29.072013 -39.960675 45.928530 50.000000
135.000000 -24.264706 -10.724140 28.725117 -39.449256 45.617279 50.000000
135.000000 -25.147059 -10.548200 28.359666 -38.907866 45.295210 50.000000
135.000000 -26.029412 -10.360020 27.974773 -38.334793 44.962400 50.000000
135.000000 -26.911765 -10.158686 27.569446 -37.728131 44.618926 50.000000
135.000000 -27.794118 -9.943178 27.142570 -37.085748 44.264871 50.000000
135.000000 -28.676471 -9.712351 26.692892 -36.405244 43.900318 50.000000
135.000000 -29.558824 -9.464914 26.218994 -35.683908 43.525354 50.000000
135.000000 -30.441176 -9.199401 25.719255 -34.918655 43.140068 50.000000
135.000000 -31.323529 -8.914135 25.191818 -34.105953 42.744550 50.000000
135.000000 -32.205882 -8.607183 24.634536 -33.241719 42.338896 50.000000
135.000000 -33.088235 -8.276298 24.044900 -32.321198 41.923201 50.000000
135.000000 -33.970588 -7.918837 23.419954 -31.338791 41.497564 50.000000
135.000000 -34.852941 -7.531654 22.756169 -30.287822 41.062085 50.000000
135.000000 -35.735294 -7.110950 22.049274 -29.160223 40.616869 50.000000
135.000000 -36.617647 -6.652063 21.294015 -27.946078 40.162020 50.000000
135.000000 -37.500000 -6.149159 20.483810 -26.632969 39.697646 50.000000
135.000000 -38.382353 -5.594764 19.610205 -25.204969 39.223858 50.000000
135.000000 -39.264706 -4.979005 18.662029 -23.641034 38.740768 50.000000
135.000000 -40.147059 -4.288347 17.623955 -21.912302 38.248490 50.000000
135.000000 -41.029412 -3.503303 16.473918 -19.977221 37.747141 50.000000
135.000000 -41.911765 -2.593910 15.178005 -17.771915 37.236841 50.000000
135.000000 -42.794118 -1.509541 13.679009 -15.188550 36.717709 50.000000
135.000000 -43.676471 -0.151364 11.865481 -12.016846 36.189870 50.000000
135.000000 -44.558824 1.727713 9.457650 -7.729937 35.653449 50.000000
136.232820 -45.129718 3.485397 3.522420 -0.037023 5.467215 0.000000
138.713912 -45.349082 2.468165 2.484486 -0.016320 4.381966 0.000000
141.211916 -45.514346 1.749098 1.760176 -0.011079 3.291647 0.000000
143.722189 -45.624880 1.159513 1.167964 -0.008452 2.197221 0.000000
146.239899 -45.680254 0.646704 0.653533 -0.006829 1.099670 0.000000
148.760101 -45.680254 0.185919 0.191632 -0.005714 0.000000 0.000000
151.277811 -45.624880 -0.235936 -0.231042 -0.004894 1.100757 0.000000
153.788084 -45.514346 -0.625301 -0.621037 -0.004264 2.201549 0.000000
156.286088 -45.349082 -0.983940 -0.980173 -0.003767 3.301300 0.000000
158.767180 -45.129718 -1.306008 -1.302622 -0.003386 4.398916 0.000000
161.239495 -45.102383 -1.542089 -1.537546 -0.004543 4.369782 0.000000
163.730400 -45.266706 -1.795669 -1.791418 -0.004251 3.282484 0.000000
166.233365 -45.376605 -2.068250 -2.064270 -0.003981 2.191094 0.000000
168.743638 -45.431662 -2.349189 -2.345441 -0.003748 1.096597 0.000000
171.256362 -45.431662 -2.633413 -2.629863 -0.003550 0.000000 0.000000
173.766635 -45.376605 -2.916933 -2.913551 -0.003382 1.097666 0.000000
176.269600 -45.266706 -3.195038 -3.191795 -0.003243 2.195349 0.000000
178.760505 -45.102383 -3.458256 -3.455109 -0.003147 3.291973 0.000000
181.239495 -45.102383 -3.660366 -3.656144 -0.004222 4.369782 0.000000
183.730400 -45.266706 -3.886739 -3.882533 -0.004206 3.282484 0.000000
186.233365 -45.376605 -4.135559 -4.131374 -0.004185 2.191094 0.000000
188.743638 -45.431662 -4.396987 -4.392808 -0.004179 1.096597 0.000000
191.256362 -45.431662 -4.666094 -4.661904 -0.004190 0.000000 0.000000
193.766635 -45.376605 -4.938833 -4.934613 -0.004220 1.097666 0.000000
196.269600 -45.266706 -5.210268 -5.205992 -0.004276 2.195349 0.000000
198.760505 -45.102383 -5.470167 -5.465783 -0.004384 3.291973 0.000000
201.232820 -45.129718 -5.656532 -5.650785 -0.005747 5.467215 0.000000
203.713912 -45.349082 -5.861252 -5.855283 -0.005969 4.381966 0.000000
206.211916 -45.514346 -6.091958 -6.085756 -0.006202 3.291647 0.000000
208.722189 -45.624880 -6.338154 -6.331677 -0.006477 2.197221 0.000000
211.239899 -45.680254 -6.595115 -6.588306 -0.006809 1.099670 0.000000
213.760101 -45.680254 -6.859720 -6.852500 -0.007221 0.000000 0.000000
216.277811 -45.624880 -7.129460 -7.121710 -0.007750 1.100757 0.000000
218.788084 -45.514346 -7.402008 -7.393536 -0.008472 2.201549 0.000000
221.286088 -45.349082 -7.674927 -7.665348 -0.009579 3.301300 0.000000
223.767180 -45.129718 -7.945466 -7.933511 -0.011955 4.398916 0.000000
135.000000 44.558824 1.538832 9.325232 -7.786400 35.653449 50.000000
135.000000 43.676471 -0.346942 11.749019 -12.095960 36.189870 50.000000
135.000000 42.794118 -1.707413 13.573518 -15.280930 36.717709 50.000000
135.000000 41.911765 -2.791953 15.081010 -17.872963 37.236841 50.000000
135.000000 41.029412 -3.700259 16.383903 -20.084162 37.747141 50.000000
135.000000 40.147059 -4.483379 17.539881 -22.023260 38.248490 50.000000
135.000000 39.264706 -5.171525 18.583133 -23.754658 38.740768 50.000000
135.000000 38.382353 -5.784337 19.535900 -25.320237 39.223858 50.000000
135.000000 37.500000 -6.335454 20.413631 -26.749084 39.697646 50.000000
135.000000 36.617647 -6.834822 21.227583 -28.062405 40.162020 50.000000
135.000000 35.735294 -7.289973 21.986271 -29.276243 40.616869 50.000000
135.000000 34.852941 -7.706779 22.696329 -30.403109 41.062085 50.000000
135.000000 33.970588 -8.089937 23.363050 -31.452987 41.497564 50.000000
135.000000 33.088235 -8.443268 23.990735 -32.434003 41.923201 50.000000
135.000000 32.205882 -8.769939 24.582937 -33.352876 42.338896 50.000000
135.000000 31.323529 -9.072609 25.142636 -34.215245 42.744550 50.000000
135.000000 30.441176 -9.353539 25.672355 -35.025894 43.140068 50.000000
135.000000 29.558824 -9.614672 26.174258 -35.788930 43.525354 50.000000
135.000000 28.676471 -9.857693 26.650215 -36.507908 43.900318 50.000000
135.000000 27.794118 -10.084076 27.101854 -37.185931 44.264871 50.000000
135.000000 26.911765 -10.295119 27.530607 -37.825726 44.618926 50.000000
135.000000 26.029412 -10.491971 27.937733 -38.429704 44.962400 50.000000
135.000000 25.147059 -10.675656 28.324355 -39.000011 45.295210 50.000000
135.000000 24.264706 -10.847093 28.691469 -39.538562 45.617279 50.000000
135.000000 23.382353 -11.007106 29.039971 -40.047077 45.928530 50.000000
135.000000 22.500000 -11.156439 29.370665 -40.527104 46.228888 50.000000
135.000000 21.617647 -11.295768 29.684275 -40.980043 46.518283 50.000000
135.000000 20.735294 -11.425703 29.981457 -41.407161 46.796646 50.000000
135.000000 19.852941 -11.546804 30.262806 -41.809610 47.063911 50.000000
135.000000 18.970588 -11.659577 30.528861 -42.188438 47.320014 50.000000
135.000000 18.088235 -11.764489 30.780112 -42.544601 47.564895 50.000000
135.000000 17.205882 -11.861962 31.017008 -42.878970 47.798496 50.000000
135.000000 16.323529 -11.952387 31.239956 -43.192343 48.020762 50.000000
135.000000 15.441176 -12.036119 31.449327 -43.485446 48.231639 50.000000
135.000000 14.558824 -12.113484 31.645461 -43.758945 48.431078 50.000000
135.000000 13.676471 -12.184780 31.828667 -44.013447 48.619031 50.000000
135.000000 12.794118 -12.250280 31.999226 -44.249506 48.795454 50.000000
135.000000 11.911765 -12.310232 32.157396 -44.467628 48.960305 50.000000
135.000000 11.029412 -12.364863 32.303407 -44.668270 49.113545 50.000000
135.000000 10.147059 -12.414378 32.437471 -44.851849 49.255137 50.000000
135.000000 9.264706 -12.458963 32.559778 -45.018741 49.385049 50.000000
135.000000 8.382353 -12.498785 32.670497 -45.169282 49.503248 50.000000
135.000000 7.500000 -12.533993 32.769782 -45.303775 49.609707 50.000000
135.000000 6.617647 -12.564721 32.857765 -45.422485 49.704402 50.000000
135.000000 5.735294 -12.591083 32.934565 -45.525647 49.787309 50.000000
135.000000 4.852941 -12.613180 33.000284 -45.613463 49.858408 50.000000
135.000000 3.970588 -12.631097 33.055007 -45.686104 49.917683 50.000000
135.000000 3.088235 -12.644905 33.098806 -45.743711 49.965120 50.000000
135.000000 2.205882 -12.654659 33.131738 -45.786397 50.000708 50.000000
135.000000 1.323529 -12.660401 33.153845 -45.814246 50.024438 50.000000
135.000000 0.441176 -12.662158 33.165155 -45.827314 50.036304 50.000000
135.000000 -0.441176 -12.659944 33.165683 -45.825628 50.036304 50.000000
135.000000 -1.323529 -12.653759 33.155429 -45.809189 50.024438 50.000000
135.000000 -2.205882 -12.643589 33.134381 -45.777969 50.000708 50.000000
135.000000 -3.088235 -12.629405 33.102509 -45.731914 49.965120 50.000000
135.000000 -3.970588 -12.611165 33.059775 -45.670940 49.917683 50.000000
135.000000 -4.852941 -12.588814 33.006121 -45.594935 49.858408 50.000000
135.000000 -5.735294 -12.562281 32.941478 -45.503759 49.787309 50.000000
135.000000 -6.617647 -12.531479 32.865761 -45.397241 49.704402 50.000000
135.000000 -7.500000 -12.496309 32.778869 -45.275179 49.609707 50.000000
135.000000 -8.382353 -12.456654 32.680687 -45.137341 49.503248 50.000000
135.000000 -9.264706 -12.412381 32.571080 -44.983461 49.385049 50.000000
135.000000 -10.147059 -12.363340 32.449898 -44.813239 49.255137 50.000000
135.000000 -11.029412 -12.309365 32.316973 -44.626338 49.113545 50.000000
135.000000 -11.911765 -12.250268 32.172117 -44.422385 48.960305 50.000000
135.000000 -12.794118 -12.185845 32.015119 -44.200964 48.795454 50.000000
135.000000 -13.676471 -12.115869 31.845750 -43.961619 48.619031 50.000000
135.000000 -14.558824 -12.040091 31.663755 -43.703845 48.431078 50.000000
135.000000 -15.441176 -11.958238 31.468854 -43.427093 48.231639 50.000000
135.000000 -16.323529 -11.870014 31.260741 -43.130755 48.020762 50.000000
135.000000 -17.205882 -11.775091 31.039078 -42.814169 47.798496 50.000000
135.000000 -18.088235 -11.673115 30.803496 -42.476611 47.564895 50.000000
135.000000 -18.970588 -11.563697 30.553590 -42.117287 47.320014 50.000000
135.000000 -19.852941 -11.446414 30.288915 -41.735329 47.063911 50.000000
135.000000 -20.735294 -11.320800 30.008985 -41.329785 46.796646 50.000000
135.000000 -21.617647 -11.186351 29.713261 -40.899612 46.518283 50.000000
135.000000 -22.500000 -11.042508 29.401154 -40.443662 46.228888 50.000000
135.000000 -23.382353 -10.888662 29.072013 -39.960675 45.928530 50.000000
135.000000 -24.264706 -10.724140 28.725117 -39.449256 45.617279 50.000000
135.000000 -25.147059 -10.548200 28.359666 -38.907866 45.295210 50.000000
135.000000 -26.029412 -10.360020 27.974773 -38.334793 44.962400 50.000000
135.000000 -26.911765 -10.158686 27.569446 -37.728131 44.618926 50.000000
135.000000 -27.794118 -9.943178 27.142570 -37.085748 44.264871 50.000000
135.000000 -28.676471 -9.712351 26.692892 -36.405244 43.900318 50.000000
135.000000 -29.558824 -9.464914 26.218994 -35.683908 43.525354 50.000000
135.000000 -30.441176 -9.199401 25.719255 -34.918655 43.140068 50.000000
135.000000 -31.323529 -8.914135 25.191818 -34.105953 42.744550 50.000000
135.000000 -32.205882 -8.607183 24.634536 -33.241719 42.338896 50.000000
135.000000 -33.088235 -8.276298 24.044900 -32.321198 41.923201 50.000000
135.000000 -33.970588 -7.918837 23.419954 -31.338791 41.497564 50.000000
135.000000 -34.852941 -7.531654 22.756169 -30.287822 41.062085 50.000000
135.000000 -35.735294 -7.110950 22.049274 -29.160223 40.616869 50.000000
135.000000 -36.617647 -6.652063 21.294015 -27.946078 40.162020 50.000000
135.000000 -37.500000 -6.149159 20.483810 -26.632969 39.697646 50.000000
135.000000 -38.382353 -5.594764 19.610205 -25.204969 39.223858 50.000000
135.000000 -39.264706 -4.979005 18.662029 -23.641034 38.740768 50.000000
135.000000 -40.147059 -4.288347 17.623955 -21.912302 38.248490 50.000000
135.000000 -41.029412 -3.503303 16.473918 -19.977221 37.747141 50.000000
135.000000 -41.911765 -2.593910 15.178005 -17.771915 37.236841 50.000000
135.000000 -42.794118 -1.509541 13.679009 -15.188550 36.717709 50.000000
135.000000 -43.676471 -0.151364 11.865481 -12.016846 36.189870 50.000000
135.000000 -44.558824 1.727713 9.457650 -7.729937 35.653449 50.000000
