-1.652920
-1.695467
-1.740497
-1.784480
-1.827008
-1.867945
-1.907218
-1.944774
-1.980571
-2.014570
-2.046738
-2.077044
-2.105459
-2.131955
-2.156509
-2.179097
-2.199698
-2.218294
-2.234867
-2.249402
-2.261885
-2.272305
-2.280653
-2.286920
-2.291101
-2.293193
-2.293193
-2.291101
-2.286920
-2.280652
-2.272304
-2.261884
-2.249400
-2.234865
-2.218292
-2.199696
-2.179095
-2.156506
-2.131952
-2.105455
-2.077041
-2.046734
-2.014566
-1.980566
-1.944769
-1.907212
-1.867939
-1.827000
-1.784471
-1.740486
-1.695451
-1.652881
-0.250787
-0.200885
-0.150804
-0.100555
-0.050167
0.000324
0.050887
0.101506
0.152242
0.204057
-0.202057
-0.150754
-0.100415
-0.050078
0.000328
0.050813
0.101440
0.153062
-0.202097
-0.150941
-0.100629
-0.050307
0.000091
0.050575
0.101221
0.152996
-0.253579
-0.202564
-0.152564
-0.102659
-0.052860
-0.004419
0.044677
0.094229
0.142370
-0.341910
1.437222
1.452137
1.471909
1.492110
1.512228
1.532111
1.551694
1.570948
1.589852
1.608396
1.626569
1.644364
1.661775
1.678796
1.695423
1.711650
1.727474
1.742890
1.757894
1.772482
1.786651
1.800397
1.813717
1.826608
1.839066
1.851088
1.862671
1.873814
1.884512
1.894764
1.904566
1.913918
1.922815
1.931257
1.939241
1.946765
1.953828
1.960427
1.966562
1.972230
1.977431
1.982163
1.986425
1.990216
1.993535
1.996381
1.998754
2.000653
2.002078
2.003028
2.003503
2.003503
2.003028
2.002078
2.000653
1.998754
1.996381
1.993534
1.990215
1.986424
1.982162
1.977430
1.972229
1.966561
1.960426
1.953827
1.946764
1.939240
1.931256
1.922814
1.913916
1.904565
1.894762
1.884510
1.873812
1.862669
1.851085
1.839063
1.826605
1.813714
1.800394
1.786648
1.772479
1.757890
1.742886
1.727470
1.711646
1.695419
1.678792
1.661770
1.644359
1.626563
1.608390
1.589846
1.570941
1.551687
1.532102
1.512218
1.492098
1.471892
1.452110
1.437154
-0.285255
0.191984
0.144201
0.095027
0.046164
-0.002233
-0.052231
-0.102464
-0.152924
-0.204531
0.202477
0.151123
0.100758
0.050411
0.000006
-0.050468
-0.101074
-0.152667
0.202483
0.151291
0.100951
0.050608
0.000200
-0.050285
-0.100917
-0.152655
0.253011
0.201767
0.151461
0.101131
0.050710
0.000212
-0.050333
-0.100890
-0.151439
-0.202076
57.684308
89.636939
113.239390
132.445048
148.827914
163.194328
176.021676
187.620384
198.206011
207.935685
216.928304
225.276552
233.054421
240.322109
247.129407
253.518079
259.523586
265.176350
270.502711
275.525658
280.265394
284.739789
288.964729
292.954410
296.721573
300.277688
303.633123
306.797271
309.778665
312.585070
315.223564
317.700608
320.022101
322.193436
324.219539
326.104910
327.853653
329.469510
330.955880
332.315844
333.552185
334.667403
335.663730
336.543141
337.307369
337.957911
338.496035
338.922790
339.239010
339.445315
339.542119
339.529629
339.407848
339.176572
338.835393
338.383694
337.820647
337.145209
336.356115
335.451876
334.430765
333.290814
332.029798
330.645227
329.134326
327.494026
325.720937
323.811334
321.761124
319.565825
317.220528
314.719862
312.057949
309.228356
306.224034
303.037249
299.659509
296.081461
292.292788
288.282072
284.036640
279.542368
274.783454
269.742127
264.398298
258.729113
252.708391
246.305898
239.486401
232.208406
224.422459
216.068775
207.073887
197.345777
186.766430
175.179906
162.372310
148.035672
131.696468
112.555057
89.050946
57.266408
