202.500000 -21.634615 -1.864213 -1.867734 0.003521 46.512821 0.000000
202.500000 -19.903846 -2.218678 -2.222493 0.003814 47.048794 0.000000
202.500000 -18.173077 -2.478660 -2.482657 0.003997 47.541838 0.000000
202.500000 -16.442308 -2.685593 -2.689736 0.004143 47.991504 0.000000
202.500000 -14.711538 -2.855013 -2.859282 0.004269 48.397380 0.000000
202.500000 -12.980769 -2.995149 -2.999527 0.004379 48.759098 0.000000
202.500000 -11.250000 -3.111070 -3.115544 0.004474 49.076326 0.000000
202.500000 -9.519231 -3.206171 -3.210727 0.004556 49.348775 0.000000
202.500000 -7.788462 -3.282835 -3.287459 0.004624 49.576197 0.000000
202.500000 -6.057692 -3.342773 -3.347451 0.004678 49.758384 0.000000
202.500000 -4.326923 -3.387208 -3.391927 0.004719 49.895170 0.000000
202.500000 -2.596154 -3.416989 -3.421735 0.004745 49.986430 0.000000
202.500000 -0.865385 -3.432652 -3.437409 0.004758 50.032080 0.000000
202.500000 0.865385 -3.434457 -3.439213 0.004756 50.032080 0.000000
202.500000 2.596154 -3.422409 -3.427148 0.004740 49.986430 0.000000
202.500000 4.326923 -3.396250 -3.400959 0.004709 49.895170 0.000000
202.500000 6.057692 -3.355452 -3.360117 0.004664 49.758384 0.000000
202.500000 7.788462 -3.299173 -3.303779 0.004605 49.576197 0.000000
202.500000 9.519231 -3.226195 -3.230727 0.004533 49.348775 0.000000
202.500000 11.250000 -3.134813 -3.139259 0.004446 49.076326 0.000000
202.500000 12.980769 -3.022652 -3.026996 0.004344 48.759098 0.000000
202.500000 14.711538 -2.886325 -2.890553 0.004227 48.397380 0.000000
202.500000 16.442308 -2.720773 -2.724866 0.004093 47.991504 0.000000
202.500000 18.173077 -2.517779 -2.521713 0.003934 47.541838 0.000000
202.500000 19.903846 -2.261826 -2.265560 0.003734 47.048794 0.000000
202.500000 21.634615 -1.911526 -1.914929 0.003403 46.512821 0.000000
201.565664 22.562983 -1.432172 -1.423965 -0.008207 3.507214 0.000000
199.694610 22.672720 -1.016830 -1.011840 -0.004990 2.927803 0.000000
197.820857 22.760692 -0.597671 -0.594288 -0.003383 2.345637 0.000000
195.944990 22.826780 -0.175624 -0.173382 -0.002242 1.761243 0.000000
194.067604 22.870889 0.248626 0.249944 -0.001318 1.175150 0.000000
192.189303 22.892959 0.674566 0.675077 -0.000511 0.587891 0.000000
190.310697 22.892959 1.101739 1.101509 0.000230 0.000000 0.000000
188.432396 22.870889 1.529642 1.528702 0.000940 0.587986 0.000000
186.555010 22.826780 1.957587 1.955946 0.001641 1.175531 0.000000
184.679143 22.760692 2.384453 2.382100 0.002353 1.762096 0.000000
182.805390 22.672720 2.808023 2.804926 0.003097 2.347145 0.000000
180.934336 22.562983 3.222098 3.218197 0.003900 2.930140 0.000000
179.065664 22.562983 3.588809 3.582851 0.005957 3.507214 0.000000
177.194610 22.672720 3.964425 3.957510 0.006914 2.927803 0.000000
175.320857 22.760692 4.345898 4.337923 0.007974 2.345637 0.000000
173.444990 22.826780 4.723925 4.714743 0.009182 1.761243 0.000000
171.567604 22.870889 5.092065 5.081478 0.010588 1.175150 0.000000
169.689303 22.892959 5.443297 5.431034 0.012263 0.587891 0.000000
167.810697 22.892959 5.768415 5.754097 0.014319 0.000000 0.000000
165.932396 22.870889 6.054051 6.037106 0.016944 0.587986 0.000000
164.055010 22.826780 6.278398 6.257900 0.020498 1.175531 0.000000
162.179143 22.760692 6.403725 6.377935 0.025790 1.762096 0.000000
160.305390 22.672720 6.352712 6.317392 0.035321 2.347145 0.000000
158.434336 22.562983 5.887944 5.820264 0.067680 2.930140 0.000000
157.500000 22.067308 8.945046 -1.367600 10.312646 46.372177 -50.000000
157.500000 21.201923 11.960174 -3.986642 15.946817 46.650813 -50.000000
157.500000 20.336538 14.187592 -5.886611 20.074203 46.918807 -50.000000
157.500000 19.471154 15.997451 -7.407543 23.404994 47.176098 -50.000000
157.500000 18.605769 17.535567 -8.685009 26.220576 47.422627 -50.000000
157.500000 17.740385 18.876287 -9.787996 28.664284 47.658338 -50.000000
157.500000 16.875000 20.063458 -10.756983 30.820441 47.883177 -50.000000
157.500000 16.009615 21.125468 -11.618027 32.743495 48.097093 -50.000000
157.500000 15.144231 22.081922 -12.389025 34.470947 48.300037 -50.000000
157.500000 14.278846 22.947013 -13.082866 36.029879 48.491963 -50.000000
157.500000 13.413462 23.731391 -13.709174 37.440565 48.672827 -50.000000
157.500000 12.548077 24.443269 -14.275343 38.718612 48.842588 -50.000000
157.500000 11.682692 25.089125 -14.787182 39.876306 49.001206 -50.000000
157.500000 10.817308 25.674147 -15.249326 40.923473 49.148646 -50.000000
157.500000 9.951923 26.202548 -15.665526 41.868074 49.284875 -50.000000
157.500000 9.086538 26.677781 -16.038850 42.716631 49.409860 -50.000000
157.500000 8.221154 27.102698 -16.371825 43.474523 49.523575 -50.000000
157.500000 7.355769 27.479666 -16.666543 44.146208 49.625991 -50.000000
157.500000 6.490385 27.810650 -16.924736 44.735386 49.717087 -50.000000
157.500000 5.625000 28.097281 -17.147840 45.245121 49.796842 -50.000000
157.500000 4.759615 28.340902 -17.337037 45.677938 49.865237 -50.000000
157.500000 3.894231 28.542607 -17.493286 46.035893 49.922257 -50.000000
157.500000 3.028846 28.703271 -17.617354 46.320625 49.967888 -50.000000
157.500000 2.163462 28.823570 -17.709833 46.533403 50.002120 -50.000000
157.500000 1.298077 28.903997 -17.771155 46.675152 50.024946 -50.000000
157.500000 0.432692 28.944877 -17.801601 46.746478 50.036361 -50.000000
157.500000 -0.432692 28.946367 -17.801312 46.747678 50.036361 -50.000000
157.500000 -1.298077 28.908467 -17.770284 46.678751 50.024946 -50.000000
157.500000 -2.163462 28.831017 -17.708377 46.539394 50.002120 -50.000000
157.500000 -3.028846 28.713692 -17.615305 46.328996 49.967888 -50.000000
157.500000 -3.894231 28.555996 -17.490633 46.046629 49.922257 -50.000000
157.500000 -4.759615 28.357253 -17.333766 45.691019 49.865237 -50.000000
157.500000 -5.625000 28.116585 -17.143934 45.260519 49.796842 -50.000000
157.500000 -6.490385 27.832896 -16.920172 44.753068 49.717087 -50.000000
157.500000 -7.355769 27.504839 -16.661296 44.166135 49.625991 -50.000000
157.500000 -8.221154 27.130781 -16.365865 43.496646 49.523575 -50.000000
157.500000 -9.086538 26.708754 -16.032140 42.740893 49.409860 -50.000000
157.500000 -9.951923 26.236385 -15.658023 41.894408 49.284875 -50.000000
157.500000 -10.817308 25.710817 -15.240980 40.951797 49.148646 -50.000000
157.500000 -11.682692 25.128590 -14.777934 39.906524 49.001206 -50.000000
157.500000 -12.548077 24.485482 -14.265125 38.750608 48.842588 -50.000000
157.500000 -13.413462 23.776296 -13.697904 37.474200 48.672827 -50.000000
157.500000 -14.278846 22.994539 -13.070446 36.064985 48.491963 -50.000000
157.500000 -15.144231 22.131980 -12.375338 34.507317 48.300037 -50.000000
157.500000 -16.009615 21.177946 -11.602928 32.780874 48.097093 -50.000000
157.500000 -16.875000 20.118211 -10.740294 30.858505 47.883177 -50.000000
157.500000 -17.740385 18.933125 -9.769488 28.702613 47.658338 -50.000000
157.500000 -18.605769 17.594230 -8.664382 26.258613 47.422627 -50.000000
157.500000 -19.471154 16.057574 -7.384383 23.441958 47.176098 -50.000000
157.500000 -20.336538 14.248622 -5.860308 20.108930 46.918807 -50.000000
157.500000 -21.201923 12.021176 -3.956193 15.977369 46.650813 -50.000000
157.500000 -22.067308 9.004095 -1.330969 10.335063 46.372177 -50.000000
158.434336 -22.562983 5.944730 5.876698 0.068032 3.507214 0.000000
160.305390 -22.672720 6.414610 6.379225 0.035385 2.927803 0.000000
162.179143 -22.760692 6.469139 6.443364 0.025775 2.345637 0.000000
164.055010 -22.826780 6.346487 6.326046 0.020441 1.761243 0.000000
165.932396 -22.870889 6.124245 6.107382 0.016863 1.175150 0.000000
167.810697 -22.892959 5.840276 5.826056 0.014221 0.587891 0.000000
169.689303 -22.892959 5.516468 5.504314 0.012154 0.000000 0.000000
171.567604 -22.870889 5.166227 5.155756 0.010471 0.587986 0.000000
173.444990 -22.826780 4.798784 4.789724 0.009060 1.175531 0.000000
175.320857 -22.760692 4.421184 4.413336 0.007849 1.762096 0.000000
177.194610 -22.672720 4.039886 4.033099 0.006787 2.347145 0.000000
179.065664 -22.562983 3.664205 3.658377 0.005828 2.930140 0.000000
180.934336 -22.562983 3.297347 3.293586 0.003761 3.507214 0.000000
182.805390 -22.672720 2.883052 2.880095 0.002958 2.927803 0.000000
184.679143 -22.760692 2.459021 2.456807 0.002214 2.345637 0.000000
186.555010 -22.826780 2.031432 2.029930 0.001502 1.761243 0.000000
188.432396 -22.870889 1.602480 1.601679 0.000801 1.175150 0.000000
190.310697 -22.892959 1.173261 1.173168 0.000092 0.587891 0.000000
192.189303 -22.892959 0.744428 0.745076 -0.000648 0.000000 0.000000
194.067604 -22.870889 0.316439 0.317893 -0.001454 0.587986 0.000000
195.944990 -22.826780 -0.110315 -0.107939 -0.002376 1.175531 0.000000
197.820857 -22.760692 -0.535429 -0.531914 -0.003516 1.762096 0.000000
199.694610 -22.672720 -0.958418 -0.953297 -0.005121 2.347145 0.000000
201.565664 -22.562983 -1.378880 -1.370545 -0.008335 2.930140 0.000000
157.500000 22.067308 8.945046 -1.367600 10.312646 46.372177 -50.000000
157.500000 21.201923 11.960174 -3.986642 15.946817 46.650813 -50.000000
157.500000 20.336538 14.187592 -5.886611 20.074203 46.918807 -50.000000
157.500000 19.471154 15.997451 -7.407543 23.404994 47.176098 -50.000000
157.500000 18.605769 17.535567 -8.685009 26.220576 47.422627 -50.000000
157.500000 17.740385 18.876287 -9.787996 28.664284 47.658338 -50.000000
157.500000 16.875000 20.063458 -10.756983 30.820441 47.883177 -50.000000
157.500000 16.009615 21.125468 -11.618027 32.743495 48.097093 -50.000000
157.500000 15.144231 22.081922 -12.389025 34.470947 48.300037 -50.000000
157.500000 14.278846 22.947013 -13.082866 36.029879 48.491963 -50.000000
157.500000 13.413462 23.731391 -13.709174 37.440565 48.672827 -50.000000
157.500000 12.548077 24.443269 -14.275343 38.718612 48.842588 -50.000000
157.500000 11.682692 25.089125 -14.787182 39.876306 49.001206 -50.000000
157.500000 10.817308 25.674147 -15.249326 40.923473 49.148646 -50.000000
157.500000 9.951923 26.202548 -15.665526 41.868074 49.284875 -50.000000
157.500000 9.086538 26.677781 -16.038850 42.716631 49.409860 -50.000000
157.500000 8.221154 27.102698 -16.371825 43.474523 49.523575 -50.000000
157.500000 7.355769 27.479666 -16.666543 44.146208 49.625991 -50.000000
157.500000 6.490385 27.810650 -16.924736 44.735386 49.717087 -50.000000
157.500000 5.625000 28.097281 -17.147840 45.245121 49.796842 -50.000000
157.500000 4.759615 28.340902 -17.337037 45.677938 49.865237 -50.000000
157.500000 3.894231 28.542607 -17.493286 46.035893 49.922257 -50.000000
157.500000 3.028846 28.703271 -17.617354 46.320625 49.967888 -50.000000
157.500000 2.163462 28.823570 -17.709833 46.533403 50.002120 -50.000000
157.500000 1.298077 28.903997 -17.771155 46.675152 50.024946 -50.000000
157.500000 0.432692 28.944877 -17.801601 46.746478 50.036361 -50.000000
157.500000 -0.432692 28.946367 -17.801312 46.747678 50.036361 -50.000000
157.500000 -1.298077 28.908467 -17.770284 46.678751 50.024946 -50.000000
157.500000 -2.163462 28.831017 -17.708377 46.539394 50.002120 -50.000000
157.500000 -3.028846 28.713692 -17.615305 46.328996 49.967888 -50.000000
157.500000 -3.894231 28.555996 -17.490633 46.046629 49.922257 -50.000000
157.500000 -4.759615 28.357253 -17.333766 45.691019 49.865237 -50.000000
157.500000 -5.625000 28.116585 -17.143934 45.260519 49.796842 -50.000000
157.500000 -6.490385 27.832896 -16.920172 44.753068 49.717087 -50.000000
157.500000 -7.355769 27.504839 -16.661296 44.166135 49.625991 -50.000000
157.500000 -8.221154 27.130781 -16.365865 43.496646 49.523575 -50.000000
157.500000 -9.086538 26.708754 -16.032140 42.740893 49.409860 -50.000000
157.500000 -9.951923 26.236385 -15.658023 41.894408 49.284875 -50.000000
157.500000 -10.817308 25.710817 -15.240980 40.951797 49.148646 -50.000000
157.500000 -11.682692 25.128590 -14.777934 39.906524 49.001206 -50.000000
157.500000 -12.548077 24.485482 -14.265125 38.750608 48.842588 -50.000000
157.500000 -13.413462 23.776296 -13.697904 37.474200 48.672827 -50.000000
157.500000 -14.278846 22.994539 -13.070446 36.064985 48.491963 -50.000000
157.500000 -15.144231 22.131980 -12.375338 34.507317 48.300037 -50.000000
157.500000 -16.009615 21.177946 -11.602928 32.780874 48.097093 -50.000000
157.500000 -16.875000 20.118211 -10.740294 30.858505 47.883177 -50.000000
157.500000 -17.740385 18.933125 -9.769488 28.702613 47.658338 -50.000000
157.500000 -18.605769 17.594230 -8.664382 26.258613 47.422627 -50.000000
157.500000 -19.471154 16.057574 -7.384383 23.441958 47.176098 -50.000000
157.500000 -20.336538 14.248622 -5.860308 20.108930 46.918807 -50.000000
157.500000 -21.201923 12.021176 -3.956193 15.977369 46.650813 -50.000000
157.500000 -22.067308 9.004095 -1.330969 10.335063 46.372177 -50.000000
