-2.141166
-2.158958
-2.180241
-2.200287
-2.218574
-2.234951
-2.249352
-2.261738
-2.272088
-2.280384
-2.286616
-2.290774
-2.292855
-2.292854
-2.290774
-2.286615
-2.280383
-2.272087
-2.261737
-2.249350
-2.234950
-2.218572
-2.200284
-2.180238
-2.158954
-2.141155
-0.160958
-0.134350
-0.107643
-0.080846
-0.053977
-0.027055
-0.000102
0.026862
0.053822
0.080775
0.107774
0.135520
-0.161849
-0.134121
-0.107056
-0.079933
-0.052662
-0.025187
0.002584
0.032472
0.060892
0.089508
0.119331
0.881679
1.866963
1.870734
1.880248
1.890072
1.899682
1.908953
1.917839
1.926318
1.934378
1.942011
1.949211
1.955974
1.962296
1.968176
1.973610
1.978598
1.983137
1.987225
1.990862
1.994047
1.996779
1.999056
2.000879
2.002246
2.003158
2.003614
2.003614
2.003158
2.002246
2.000878
1.999056
1.996778
1.994047
1.990862
1.987224
1.983136
1.978597
1.973609
1.968175
1.962295
1.955972
1.949209
1.942009
1.934377
1.926317
1.917837
1.908951
1.899680
1.890069
1.880244
1.870729
1.866949
0.907876
0.145837
0.116214
0.087673
0.059272
0.029368
0.001630
-0.025856
-0.053177
-0.080387
-0.107574
-0.135460
0.161914
0.134340
0.107477
0.080627
0.053735
0.026806
-0.000147
-0.027102
-0.054041
-0.080944
-0.107799
-0.134659
-77.933173
-120.527828
-151.714751
-176.878849
-198.149289
-216.609835
-232.897870
-247.424842
-260.474121
-272.250338
-282.906664
-292.561009
-301.306198
-309.216450
-316.351921
-322.761874
-328.486946
-333.560813
-338.011421
-341.861926
-345.131397
-347.835357
-349.986202
-351.593511
-352.664275
-353.203065
-353.212132
-352.691460
-351.638763
-350.049439
-347.916458
-345.230202
-341.978236
-338.144986
-333.711332
-328.654058
-322.945146
-316.550839
-309.430401
-301.534454
-292.802697
-283.160734
-272.515517
-260.748852
-247.707187
-233.185386
-216.899358
-198.436596
-177.158046
-151.977040
-120.758560
-78.102330
